.0200000000 1.6500000000 0.005 6e3
.0200000000 1.7500000000 0.005 6e3
.0200000000 1.8500000000 0.005 6e3
.0200000000 1.9500000000 0.005 6e3
.0200000000 2.0500000000 0.005 6e3
.0300000000 1.6500000000 0.005 6e3
.0300000000 1.7500000000 0.005 6e3
.0300000000 1.8500000000 0.005 6e3
.0300000000 1.9500000000 0.005 6e3
.0300000000 2.0500000000 0.005 6e3
.0400000000 1.6500000000 0.005 6e3
.0400000000 1.7500000000 0.005 6e3
.0400000000 1.8500000000 0.005 6e3
.0400000000 1.9500000000 0.005 6e3
.0400000000 2.0500000000 0.005 6e3
.0500000000 1.6500000000 0.005 6e3
.0500000000 1.7500000000 0.005 6e3
.0500000000 1.8500000000 0.005 6e3
.0500000000 1.9500000000 0.005 6e3
.0500000000 2.0500000000 0.005 6e3
