17Networks_LH_VisCent_ExStr_1	23.26081141328578	-63.36002402283281	-44.682207116136084
17Networks_LH_VisCent_ExStr_2	21.605165456012912	-82.72584700343876	-40.47192248218574
17Networks_LH_VisCent_Striate_1	-1.1067125645438836	-81.34732699244739	-40.31412320887981
17Networks_LH_VisCent_ExStr_3	19.54474563683624	-83.73495002956523	-13.438733244889557
17Networks_LH_VisPeri_ExStrInf_1	12.494579358196006	-51.2599862022495	-33.19666879934945
17Networks_LH_VisPeri_StriCal_1	8.891847313854853	-56.29925941713119	-21.537469790916642
17Networks_LH_VisPeri_ExStrSup_1	0.003667801938689763	-80.88304260075638	-9.917345827931916
17Networks_LH_SomMotA_1	36.71648711305059	-29.194674900003037	37.2758168785175
17Networks_LH_SomMotA_2	6.811580594679185	-31.277367916154436	39.04419292909873
17Networks_LH_SomMotB_Aud_1	50.11372262773722	-14.811098421751142	-11.127009952155346
17Networks_LH_SomMotB_S2_1	34.790066564260115	-15.32079218322658	-3.135433415236138
17Networks_LH_SomMotB_S2_2	51.13774535348273	-7.406202912206387	-4.255429188969524
17Networks_LH_SomMotB_Cent_1	52.0362920857018	-10.116530614854154	17.51589107306667
17Networks_LH_DorsAttnA_TempOcc_1	43.41803145775904	-45.94398695519471	-38.21259221420579
17Networks_LH_DorsAttnA_ParOcc_1	40.23771139560614	-65.85816332311148	-20.19053745169916
17Networks_LH_DorsAttnA_SPL_1	18.432647814910027	-67.9866486000218	16.58612220636676
17Networks_LH_DorsAttnB_PostC_1	54.2968820605513	-28.48712834631001	15.42996301001356
17Networks_LH_DorsAttnB_PostC_2	38.3213465952563	-35.997330694136586	22.806432369381024
17Networks_LH_DorsAttnB_PostC_3	16.5	-54.42310495199289	35.6231004697236
17Networks_LH_DorsAttnB_FEF_1	23.410596790950024	-6.726828338188101	40.41574321545315
17Networks_LH_SalVentAttnA_ParOper_1	54.51418918918918	-37.192576434966675	2.537162767068759
17Networks_LH_SalVentAttnA_Ins_1	39.554772234273315	8.748194421234123	-18.301342035107044
17Networks_LH_SalVentAttnA_Ins_2	38.34333154793788	17.696040641131354	-5.72388995600436
17Networks_LH_SalVentAttnA_ParMed_1	6.957104557640747	-35.534861019085945	22.181353430919657
17Networks_LH_SalVentAttnA_FrMed_1	3.434380776340106	1.3455244824034551	43.20188513509131
17Networks_LH_SalVentAttnB_PFCl_1	30.76302605210421	43.751388186652335	22.74762566393625
17Networks_LH_SalVentAttnB_PFCmp_1	3.7894736842105203	20.246675721285225	22.752541886263426
17Networks_LH_LimbicB_OFC_1	14.018717874115026	42.48003146446313	-22.873005162396677
17Networks_LH_LimbicA_TempPole_1	31.144049214277018	18.42648752148977	-41.0408795619798
17Networks_LH_LimbicA_TempPole_2	53.44901046262447	-18.246002081181956	-38.9326325017237
17Networks_LH_ContA_IPS_1	33.7426769446391	-54.91935436919425	15.550739516974668
17Networks_LH_ContA_PFCl_1	42.89058584894403	35.26972562647168	11.740188934384543
17Networks_LH_ContA_PFCl_2	46.78540843214756	7.635871385750563	14.758238037741382
17Networks_LH_ContB_PFClv_1	24.466969591052077	68.14792490437439	-1.8250616025524724
17Networks_LH_ContC_pCun_1	1.4811320754716917	-77.2336904023313	3.084906395876183
17Networks_LH_ContC_pCun_2	1.2577484503099328	-64.76256293109645	21.866331947991622
17Networks_LH_ContC_Cingp_1	0.6749723145072011	-23.94518843322893	14.397013399292064
17Networks_LH_DefaultA_PFCd_1	25.785609088996424	15.582688335441372	37.30329103139283
17Networks_LH_DefaultA_pCunPCC_1	1.2224838140082426	-53.09624573740979	4.626938517313042
17Networks_LH_DefaultA_PFCm_1	5.960700703007959	55.267790058275445	-3.5134847606947046
17Networks_LH_DefaultB_Temp_1	53.92247169449243	7.307620241600361	-30.659669562759603
17Networks_LH_DefaultB_Temp_2	54.38474970896391	-25.591779481453354	-22.382620780746464
17Networks_LH_DefaultB_IPL_1	41.643323034672164	-64.14170770589077	5.024889629197369
17Networks_LH_DefaultB_PFCd_1	9.855666297526767	43.962358211230075	30.950788725371496
17Networks_LH_DefaultB_PFCl_1	41.63675614792567	9.564954411117453	33.63723347496757
17Networks_LH_DefaultB_PFCv_1	35.49539045553145	32.271699668140585	-17.279288284561385
17Networks_LH_DefaultB_PFCv_2	45.9596709470305	41.778099848313275	-6.673857931460267
17Networks_LH_DefaultC_Rsp_1	5.210481825866438	-50.500434694507824	-15.617501610230311
17Networks_LH_DefaultC_PHC_1	22.297879735835934	-19.7624308500681	-33.47359157474579
17Networks_LH_TempPar_1	52.31675025075225	-45.88877723963114	-15.146944433779508
AMY-lh	18.24650621118012	9.838123463603281	-28.534556492607784
pTHA-lh	11.750178954903362	-18.362209102300213	-16.520404797754033
aTHA-lh	6.963574982231705	-11.371004843254338	-6.689056321163079
NAc-lh	8.689782709200188	22.741336906005877	-14.898986446322855
GP-lh	17.522762951334386	5.278651180035282	-14.047884040013582
PUT-lh	24.098162399874354	8.746114854200757	-11.126828473479664
CAU-lh	10.933873367498762	15.28095917310335	0.5238057125854352
HIP-head-lh	20.23667205169629	-0.9075123326843879	-31.508085056537578
HIP-body-lh	25.27221777421937	-15.81865869540038	-27.905931393082753
HIP-tail-lh	19.194458964976477	-32.14349956114879	-17.41375219148924
17Networks_RH_VisCent_ExStr_1	-26.381142857142862	-52.20458387511117	-39.102152179820195
17Networks_RH_VisCent_ExStr_2	-22.602666666666664	-80.37321916246414	-41.90560999107361
17Networks_RH_VisCent_ExStr_3	-38.28187546330615	-75.34342048365244	-17.398818084449566
17Networks_RH_VisPeri_StriCal_1	-9.440888888888892	-67.21223824686474	-27.92733999172847
17Networks_RH_VisPeri_ExStrInf_1	-16.839103462077247	-49.28348183214414	-19.06414302833466
17Networks_RH_VisPeri_ExStrSup_1	-15.54457652303121	-83.45039136714425	-7.241755069807767
17Networks_RH_SomMotA_1	-42.527938342967246	-13.594897268250273	31.476886117389448
17Networks_RH_SomMotA_2	-35.03861544617847	-26.52861776949168	39.94498751482138
17Networks_RH_SomMotA_3	-23.413897280966765	-41.69336341479034	39.39577978543286
17Networks_RH_SomMotA_4	-8.35880140095992	-25.718970978162623	41.496248056660036
17Networks_RH_SomMotB_Aud_1	-51.53136869679109	-4.968108584620082	-11.98225564002678
17Networks_RH_SomMotB_S2_1	-38.869655458696556	-8.473850090061296	-3.564342900448785
17Networks_RH_SomMotB_S2_2	-53.1010299166258	5.110839864914182	-5.797941549085061
17Networks_RH_SomMotB_Cent_1	-55.146734333627535	-2.4470438314346996	14.10393098841067
17Networks_RH_DorsAttnA_TempOcc_1	-47.04983730090769	-49.18583121645183	-37.84784255676593
17Networks_RH_DorsAttnA_ParOcc_1	-49.6278801843318	-56.98201243349347	-12.078919930529485
17Networks_RH_DorsAttnA_SPL_1	-26.869673335593987	-66.76903366510298	19.03012774274135
17Networks_RH_DorsAttnB_PostC_1	-48.80224403927069	-21.65119730790902	20.379948757975495
17Networks_RH_DorsAttnB_PostC_2	-12.082088353413653	-57.029812793750835	33.872538196322445
17Networks_RH_DorsAttnB_FEF_1	-24.367629046369203	-4.093526785246449	39.85171553813254
17Networks_RH_SalVentAttnA_ParOper_1	-57.176550783912745	-22.858560323796475	6.564929990558784
17Networks_RH_SalVentAttnA_Ins_1	-38.546574797932955	17.756927514354224	-12.217771562737662
17Networks_RH_SalVentAttnA_ParMed_1	-9.16935218678067	-33.53157655752164	24.118552281056065
17Networks_RH_SalVentAttnA_FrMed_1	-5.096594740391097	4.543156848513272	34.431734439776875
17Networks_RH_SalVentAttnB_IPL_1	-55.43901142705288	-39.345079803131	19.43037933359874
17Networks_RH_SalVentAttnB_PFCl_1	-31.671035386631715	51.71728333662009	19.780330913754657
17Networks_RH_SalVentAttnB_PFCmp_1	-4.757882313269263	29.555309693641682	22.85997847334126
17Networks_RH_LimbicB_OFC_1	-9.690134977503746	44.48126372963642	-23.62006895424148
17Networks_RH_LimbicA_TempPole_1	-32.054079596765725	18.387277302065534	-42.941940302209396
17Networks_RH_ContA_IPS_1	-35.191857417438406	-44.6757925840893	23.62616324256023
17Networks_RH_ContA_PFCl_1	-43.058423439134984	47.49408178039242	5.633764859064135
17Networks_RH_ContA_PFCl_2	-46.66768665850673	14.446025476023792	12.843087517354306
17Networks_RH_ContB_Temp_1	-57.69398642095053	-9.947335058340856	-35.07401418188726
17Networks_RH_ContB_IPL_1	-44.58280438545874	-60.459814376270664	14.94220398565649
17Networks_RH_ContB_PFCld_1	-42.03965213790247	18.265922151807562	29.148107166862435
17Networks_RH_ContB_PFClv_1	-26.60092479003491	66.86908265982325	-5.918516085048183
17Networks_RH_ContC_Cingp_1	-3.495224450811847	-25.690072982677872	14.189115130798863
17Networks_RH_ContC_pCun_1	-10.197398622800307	-65.2111861672945	10.720354506963975
17Networks_RH_DefaultA_IPL_1	-51.59306078536848	-48.61458932058089	4.974718776167301
17Networks_RH_DefaultA_PFCd_1	-24.36178381571176	23.654465178942004	36.0875750540349
17Networks_RH_DefaultA_pCunPCC_1	-7.163239875389408	-49.940510349110276	3.324299857995221
17Networks_RH_DefaultA_PFCm_1	-3.626477793162209	56.868423399789116	-3.3778365705960205
17Networks_RH_DefaultB_PFCd_1	-10.44658185162477	48.35378222126379	30.954559801967495
17Networks_RH_DefaultB_PFCv_1	-33.75056642636457	39.64563252125415	-19.874670032001298
17Networks_RH_DefaultB_PFCv_2	-48.443919209282335	37.8040485490685	-8.38074974200221
17Networks_RH_DefaultC_Rsp_1	-10.503472222222229	-48.27692123233444	-13.17882258651985
17Networks_RH_DefaultC_PHC_1	-29.23510531594784	-15.443032769166845	-38.88616774660893
17Networks_RH_TempPar_1	-46.82988072818581	22.71113745074663	-26.295779443705122
17Networks_RH_TempPar_2	-55.562020133083095	-16.451718646844206	-21.958288804619535
17Networks_RH_TempPar_3	-55.806488332384745	-36.16847760445297	-8.390440247448321
AMY-rh	-19.54477332334207	10.354254997683274	-29.47602800927211
pTHA-rh	-14.130544993662866	-17.382555897597477	-17.940223964649658
aTHA-rh	-9.734538438102973	-9.926325104509468	-7.611609410970868
NAc-rh	-10.630361445783137	24.96988547135547	-15.313497626925086
GP-rh	-18.293731041456013	7.299293954644812	-14.647627354753032
PUT-rh	-24.549955947136567	11.226522500399454	-11.968725320526163
CAU-rh	-11.95208070617906	16.63781697342919	0.6504235022176628
HIP-head-rh	-21.679732739420942	0.7396438289060302	-32.43987410397732
HIP-body-rh	-27.202334630350194	-13.521014896812138	-28.45564880770004
HIP-tail-rh	-23.475116124751167	-27.85833444552621	-20.042141473839116
